image: /home/neurobot/catkin_ws/src/my_go1/maps/room_1401.pgm
resolution: 0.050000
origin: [-100.000000, -100.000000, 0.000000]
negate: 0
occupied_thresh: 0.65
free_thresh: 0.196

